chạy server với json
cd vào thư mục chưa json
json-server --watch tên file json

[
    [301, 571, 166, 113], 
    [133, 571, 165, 112], 
    [807, 572, 166, 113], 
    [639, 572, 165, 112], 
    [470, 572, 165, 112]
]
[
    [
        [132, 126, 841, 34], 
        [639, 162, 165, 38], 
        [470, 162, 165, 38], 
        [301, 162, 165, 38], 
        [132, 162, 166, 38], 
        [807, 163, 166, 38], 
        [639, 203, 165, 109], 
        [470, 203, 165, 109], 
        [301, 203, 165, 108], 
        [132, 203, 166, 108], 
        [807, 204, 166, 108]
    ], 
    [
        [132, 314, 166, 108], 
        [807, 315, 166, 108], 
        [639, 315, 165, 108], 
        [470, 315, 166, 108], 
        [301, 315, 166, 107]
    ], 
    [
        [301, 425, 166, 36], 
        [133, 425, 165, 36], 
        [807, 426, 166, 36], 
        [639, 426, 165, 36], 
        [470, 426, 166, 35], 
        [470, 464, 166, 105], 
        [301, 464, 166, 104], 
        [133, 464, 165, 104], 
        [807, 465, 166, 104], 
        [639, 465, 165, 104]
    ], 
    [
        [301, 571, 166, 113], 
        [133, 571, 165, 112], 
        [807, 572, 166, 113], 
        [639, 572, 165, 112], 
        [470, 572, 165, 112]
    ]
]